100 0.153
200 0.088
300 0.105
400 0.138
500 0.150
600 0.168
700 0.148
800 0.159
900 0.151
1000 0.188
1100 0.148
1200 0.141
1300 0.200
1400 0.150
1500 0.211
1600 0.166
1700 0.159
1800 0.204
1900 0.207
2000 0.201
2100 0.199
2200 0.270
2300 0.173
2400 0.210
2500 0.227
2600 0.282
2700 0.259
2800 0.258
2900 0.284
3000 0.203
3100 0.285
3200 0.274
3300 0.298
3400 0.328
3500 0.373
3600 0.283
3700 0.381
3800 0.267
3900 0.255
4000 0.357
4100 0.301
4200 0.313
4300 0.327
4400 0.241
4500 0.351
4600 0.503
4700 0.265
4800 0.416
4900 0.422
5000 0.517
5100 0.432
5200 0.449
5300 0.459
5400 0.582
5500 0.382
5600 0.378
5700 0.492
5800 0.479
5900 0.468
6000 0.491
6100 0.445
6200 0.590
6300 0.428
6400 0.473
6500 0.535
6600 0.584
6700 0.577
6800 0.553
6900 0.912
7000 0.443
7100 0.609
7200 0.592
7300 0.555
7400 0.776
7500 0.650
7600 0.625
7700 0.518
7800 0.635
7900 0.828
8000 0.527
8100 0.815
8200 0.863
8300 0.712
8400 0.702
8500 0.667
8600 0.671
8700 1.030
8800 0.999
8900 0.842
9000 1.058
